0,1,9.0437e-12,2.3268e-11,5.5511e-17,9.0437e-12,1,2.3924e-10,3.3307e-16,2.3268e-11,2.3924e-10,1,-4.4409e-16
0.10374,1,0.00052726,-0.0020669,-0.046903,-0.00052965,1,-0.0011549,-0.028399,0.0020663,0.001156,1,0.85869
0.20734,0.99999,0.001049,-0.0041313,-0.093743,-0.0010585,1,-0.0023081,-0.056761,0.0041289,0.0023125,0.99999,1.7163
0.31108,0.99998,0.0015665,-0.0061986,-0.14064,-0.001588,0.99999,-0.0034627,-0.085158,0.0061931,0.0034725,0.99997,2.575
0.41469,0.99996,0.0020785,-0.0082635,-0.18749,-0.0021167,0.99999,-0.0046158,-0.11352,0.0082538,0.0046331,0.99996,3.4326
0.51843,0.99994,0.0025862,-0.010331,-0.23438,-0.0026459,0.99998,-0.0057702,-0.14192,0.010316,0.0057972,0.99993,4.2913
0.62204,0.99992,0.0030884,-0.012396,-0.28122,-0.0031743,0.99997,-0.006923,-0.17027,0.012374,0.0069618,0.9999,5.149
0.7258,0.99989,0.0035863,-0.014464,-0.32812,-0.0037034,0.99996,-0.0080772,-0.19867,0.014434,0.0081299,0.99986,6.0078
0.82942,0.99986,0.0040787,-0.016529,-0.37495,-0.0042317,0.99995,-0.0092298,-0.22703,0.016491,0.0092984,0.99982,6.8655
0.93315,0.99982,0.0045667,-0.018597,-0.42184,-0.0047603,0.99993,-0.010383,-0.25542,0.018548,0.01047,0.99977,7.724
1.0369,0.99977,0.0050499,-0.020665,-0.46873,-0.0052891,0.99992,-0.011537,-0.28381,0.020605,0.011644,0.99972,8.5829
1.1405,0.99973,0.0055273,-0.022729,-0.51555,-0.0058168,0.9999,-0.012689,-0.31215,0.022657,0.012818,0.99966,9.4403
1.2442,0.99967,0.0060005,-0.024797,-0.56243,-0.0063452,0.99988,-0.013842,-0.34054,0.024711,0.013995,0.9996,10.299
1.348,0.99962,0.0064688,-0.026864,-0.60931,-0.0068734,0.99986,-0.014996,-0.36893,0.026764,0.015175,0.99953,11.158
1.4516,0.99956,0.0070584,-0.028942,-0.65621,-0.0075304,0.99984,-0.016232,-0.3974,0.028823,0.016443,0.99945,12.015
1.5552,0.99951,0.0055953,-0.030815,-0.70188,-0.0060937,0.99985,-0.016103,-0.42391,0.03072,0.016283,0.9994,12.87
1.659,0.99942,0.0078428,-0.033062,-0.74982,-0.0084561,0.99979,-0.018452,-0.454,0.03291,0.018721,0.99928,13.731
1.7626,0.99936,0.0087044,-0.034734,-0.79925,-0.0094394,0.99973,-0.021054,-0.48408,0.034541,0.021369,0.99917,14.6
1.8663,0.99925,0.012357,-0.036748,-0.85466,-0.013207,0.99965,-0.022975,-0.51551,0.036452,0.023443,0.99906,15.48
1.9699,0.99918,0.013523,-0.038098,-0.90729,-0.014392,0.99964,-0.022624,-0.54647,0.037778,0.023154,0.99902,16.369
2.0737,0.99912,0.013288,-0.03968,-0.96092,-0.014126,0.99968,-0.020921,-0.57836,0.039389,0.021463,0.99899,17.269
2.1773,0.99906,0.013514,-0.04118,-1.0116,-0.014324,0.99971,-0.019439,-0.60924,0.040906,0.020011,0.99896,18.173
2.281,0.99902,0.013048,-0.042357,-1.0663,-0.013861,0.99972,-0.018956,-0.63874,0.042098,0.019524,0.99892,19.084
2.3846,0.99894,0.01326,-0.04412,-1.1187,-0.014135,0.99971,-0.019579,-0.66862,0.043847,0.020182,0.99883,19.997
2.4882,0.99891,0.011529,-0.045189,-1.1718,-0.012478,0.99971,-0.02078,-0.69908,0.044936,0.021321,0.99876,20.914
2.592,0.99888,0.011289,-0.04595,-1.2243,-0.012181,0.99974,-0.019188,-0.72874,0.045722,0.019726,0.99876,21.84
2.6958,0.99886,0.012994,-0.045949,-1.2808,-0.013708,0.99979,-0.015256,-0.76047,0.045741,0.015869,0.99883,22.774
2.7994,0.99889,0.01379,-0.045095,-1.3348,-0.014326,0.99983,-0.011569,-0.79297,0.044928,0.012202,0.99892,23.71
2.9031,0.99896,0.012852,-0.043636,-1.3857,-0.013257,0.99987,-0.0090078,-0.82092,0.043514,0.0095769,0.99901,24.652
3.0068,0.99903,0.012653,-0.042183,-1.4366,-0.012994,0.99988,-0.0078313,-0.84562,0.042079,0.0083718,0.99908,25.597
3.1104,0.99907,0.012896,-0.041033,-1.487,-0.013333,0.99986,-0.010404,-0.87021,0.040893,0.010942,0.9991,26.545
3.2141,0.9991,0.01391,-0.040155,-1.538,-0.01455,0.99977,-0.015687,-0.89711,0.039927,0.016258,0.99907,27.496
3.3177,0.99915,0.013206,-0.038965,-1.5866,-0.013963,0.99972,-0.019215,-0.92542,0.0387,0.019743,0.99906,28.455
3.4213,0.99921,0.010791,-0.038236,-1.6334,-0.011486,0.99977,-0.018008,-0.95556,0.038033,0.018433,0.99911,29.423
3.5249,0.99922,0.0090863,-0.038392,-1.681,-0.0095961,0.99987,-0.013114,-0.98384,0.038268,0.013472,0.99918,30.398
3.6285,0.99921,0.0058381,-0.039298,-1.7289,-0.0061985,0.99994,-0.0090549,-1.0118,0.039242,0.0092914,0.99919,31.378
3.7323,0.99918,-0.0018403,-0.040375,-1.769,0.0014608,0.99995,-0.0094273,-1.0364,0.04039,0.0093606,0.99914,32.357
3.8359,0.99911,-0.0048948,-0.041985,-1.8158,0.0043374,0.9999,-0.013358,-1.0598,0.042046,0.013164,0.99903,33.336
3.9395,0.99904,-0.0040767,-0.043522,-1.8707,0.0033068,0.99984,-0.017746,-1.088,0.043588,0.017585,0.99889,34.32
4.0431,0.99896,-0.0035011,-0.045418,-1.9298,0.0026394,0.99982,-0.019019,-1.1299,0.045476,0.01888,0.99879,35.331
4.1469,0.99891,-0.0035648,-0.046487,-1.9937,0.0027826,0.99985,-0.016882,-1.1945,0.04654,0.016734,0.99878,36.388
4.2505,0.99887,-0.00023863,-0.047509,-2.0611,-0.0004152,0.99991,-0.013752,-1.2499,0.047508,0.013756,0.99878,37.428
4.3542,0.99881,2.1603e-06,-0.048801,-2.127,-0.00062576,0.99992,-0.012763,-1.3051,0.048797,0.012778,0.99873,38.472
4.4579,0.99876,0.00088092,-0.049793,-2.191,-0.0014033,0.99994,-0.010457,-1.3491,0.049781,0.010514,0.9987,39.504
4.5616,0.99876,0.00048942,-0.049845,-2.2561,-0.00082103,0.99998,-0.0066326,-1.393,0.049841,0.0066653,0.99873,40.539
4.6653,0.99871,0.0064665,-0.050302,-2.3299,-0.006722,0.99997,-0.0049121,-1.4268,0.050268,0.0052439,0.99872,41.561
4.7689,0.99871,0.0069522,-0.050215,-2.3997,-0.0071925,0.99996,-0.004607,-1.4607,0.050181,0.0049622,0.99873,42.583
4.8725,0.99871,0.0066763,-0.050372,-2.4652,-0.0070068,0.99996,-0.0063873,-1.4895,0.050327,0.006732,0.99871,43.593
4.9761,0.9987,0.0089831,-0.050151,-2.5359,-0.0094562,0.99991,-0.0092027,-1.5229,0.050064,0.009665,0.9987,44.598
5.0799,0.99865,0.0088085,-0.051124,-2.6,-0.0092961,0.99991,-0.0093075,-1.5599,0.051038,0.0097702,0.99865,45.599
5.1835,0.9986,0.0068637,-0.052428,-2.6619,-0.0072802,0.99994,-0.0077558,-1.5938,0.052372,0.0081266,0.99859,46.598
5.2871,0.99855,0.007062,-0.053293,-2.7289,-0.0074315,0.99995,-0.006739,-1.6298,0.053243,0.0071253,0.99856,47.593
5.3909,0.99852,0.0098304,-0.053576,-2.8008,-0.010322,0.99991,-0.0089095,-1.6645,0.053484,0.0094493,0.99852,48.579
5.4945,0.99847,0.010238,-0.054366,-2.8713,-0.011033,0.99984,-0.014337,-1.6976,0.054211,0.014914,0.99842,49.556
5.5982,0.99844,0.010649,-0.054839,-2.9379,-0.011495,0.99982,-0.015128,-1.729,0.054668,0.015735,0.99838,50.538
5.7018,0.99843,0.010269,-0.055112,-3.0025,-0.010939,0.99987,-0.011868,-1.7667,0.054983,0.012452,0.99841,51.518
5.8056,0.99844,0.0075662,-0.055401,-3.0658,-0.008064,0.99993,-0.008768,-1.799,0.05533,0.009201,0.99843,52.495
5.9092,0.99843,0.0063488,-0.05568,-3.1302,-0.0067993,0.99995,-0.0079061,-1.8301,0.055627,0.0082723,0.99842,53.465
6.0129,0.99843,0.0032829,-0.055871,-3.1915,-0.0037797,0.99995,-0.0087874,-1.8584,0.05584,0.0089848,0.9984,54.428
6.1165,0.99841,-0.00014604,-0.056426,-3.2488,-0.00045089,0.99994,-0.010566,-1.8865,0.056425,0.010575,0.99835,55.392
6.2203,0.99834,-0.0015912,-0.057632,-3.3109,0.0010368,0.99995,-0.0096485,-1.9138,0.057645,0.0095727,0.99829,56.35
6.3239,0.99826,-0.0043829,-0.058734,-3.3715,0.0040753,0.99998,-0.0053548,-1.9382,0.058756,0.0051062,0.99826,57.313
6.4277,0.99823,-0.0059647,-0.059227,-3.439,0.0059869,0.99998,0.00019747,-1.9568,0.059225,-0.0005517,0.99824,58.274
6.5314,0.9982,-0.0044078,-0.059775,-3.5113,0.0045479,0.99999,0.0022089,-1.976,0.059764,-0.0024767,0.99821,59.225
6.635,0.99812,-0.0029195,-0.061285,-3.5792,0.0029206,1,-7.2311e-05,-1.9981,0.061285,-0.00010681,0.99812,60.166
6.7387,0.99802,-0.001762,-0.062807,-3.6418,0.0012272,0.99996,-0.0085525,-2.0215,0.062819,0.0084585,0.99799,61.091
6.8423,0.99795,-0.00095921,-0.063918,-3.7034,5.0241e-05,0.9999,-0.014221,-2.0492,0.063925,0.014189,0.99785,62.006
6.946,0.99786,0.004205,-0.065186,-3.776,-0.0050925,0.9999,-0.013455,-2.0781,0.065123,0.013758,0.99778,62.917
7.0497,0.99779,0.0074926,-0.066015,-3.8439,-0.0082063,0.99991,-0.010546,-2.1121,0.06593,0.011065,0.99776,63.815
7.1533,0.99768,0.010254,-0.067355,-3.9126,-0.010871,0.9999,-0.0087892,-2.1454,0.067258,0.0095009,0.99769,64.698
7.2569,0.99759,0.010345,-0.068596,-3.9782,-0.011033,0.99989,-0.0096654,-2.1738,0.068489,0.010399,0.9976,65.567
7.3605,0.99746,0.011835,-0.070217,-4.0466,-0.012482,0.99988,-0.0087722,-2.2014,0.070105,0.0096264,0.99749,66.422
7.4642,0.99734,0.013184,-0.071694,-4.1144,-0.0138,0.99987,-0.0081128,-2.2308,0.071577,0.0090806,0.99739,67.265
7.5678,0.99723,0.012968,-0.073298,-4.18,-0.013524,0.99988,-0.0070909,-2.2584,0.073198,0.0080625,0.99728,68.093
7.6714,0.99712,0.012566,-0.074738,-4.2449,-0.013078,0.99989,-0.0063577,-2.2833,0.07465,0.0073168,0.99718,68.91
7.7751,0.99699,0.0149,-0.076094,-4.313,-0.015258,0.99988,-0.0041279,-2.3078,0.076023,0.0052765,0.99709,69.714
7.8788,0.99688,0.016772,-0.077166,-4.3819,-0.01678,0.99986,0.00054545,-2.3295,0.077164,0.00075109,0.99702,70.508
7.9825,0.99669,0.019289,-0.078993,-4.4455,-0.019167,0.99981,0.0022988,-2.3554,0.079023,-0.00077709,0.99687,71.284
8.0861,0.9965,0.022323,-0.080606,-4.5149,-0.02247,0.99975,-0.0009092,-2.3821,0.080565,0.0027172,0.99675,72.037
8.1898,0.99637,0.02284,-0.081999,-4.5802,-0.023611,0.99969,-0.0084384,-2.4097,0.081781,0.010344,0.9966,72.768
8.2935,0.99626,0.02165,-0.083695,-4.6443,-0.022912,0.99964,-0.014147,-2.433,0.083358,0.016012,0.99639,73.481
8.3971,0.9962,0.022367,-0.084133,-4.7095,-0.02382,0.99958,-0.016301,-2.4595,0.083734,0.018243,0.99632,74.175
8.5008,0.99609,0.024808,-0.084821,-4.7757,-0.025991,0.99958,-0.012872,-2.4903,0.084466,0.015026,0.99631,74.851
8.6044,0.99595,0.02607,-0.086013,-4.8375,-0.026975,0.99959,-0.0093851,-2.526,0.085734,0.011667,0.99625,75.507
8.7082,0.99591,0.022911,-0.087427,-4.8919,-0.024096,0.99963,-0.012524,-2.5567,0.087107,0.01458,0.99609,76.138
8.8118,0.99604,0.015035,-0.087596,-4.9377,-0.016624,0.99971,-0.017431,-2.5855,0.087309,0.018819,0.996,76.75
8.9154,0.99616,0.010441,-0.086887,-4.9858,-0.012499,0.99965,-0.02318,-2.6167,0.086615,0.024177,0.99595,77.344
9.0192,0.9964,0.012112,-0.08394,-5.039,-0.01415,0.99962,-0.023732,-2.646,0.08362,0.024835,0.99619,77.925
9.1229,0.99664,0.017707,-0.079977,-5.0927,-0.01941,0.9996,-0.020577,-2.6757,0.079581,0.022061,0.99658,78.495
9.2265,0.99701,0.016648,-0.075431,-5.1338,-0.018019,0.99968,-0.017527,-2.7018,0.075116,0.018834,0.997,79.05
9.3302,0.99746,0.01217,-0.070135,-5.1598,-0.013158,0.99982,-0.013633,-2.7292,0.069957,0.014522,0.99744,79.592
9.434,0.99802,0.0078878,-0.062337,-5.1834,-0.0084833,0.99992,-0.0092948,-2.7568,0.062259,0.0098053,0.99801,80.123
9.5377,0.9986,0.010686,-0.051893,-5.2083,-0.011224,0.99989,-0.010086,-2.78,0.051779,0.010654,0.9986,80.635
9.6416,0.99918,0.016248,-0.037014,-5.2352,-0.01665,0.99981,-0.010582,-2.8017,0.036835,0.011189,0.99926,81.135
9.7453,0.99959,0.021369,-0.019176,-5.2489,-0.021567,0.99972,-0.010185,-2.8221,0.018952,0.010594,0.99976,81.623
9.8492,0.9998,0.019933,0.0023948,-5.2368,-0.019909,0.99975,-0.0099584,-2.8399,-0.0025927,0.0099087,0.99995,82.097
9.9531,0.99948,0.01619,0.027758,-5.2075,-0.01594,0.99983,-0.0092134,-2.8593,-0.027902,0.0087662,0.99957,82.556
10.057,0.99828,0.014725,0.056724,-5.1635,-0.014302,0.99987,-0.0078606,-2.878,-0.056832,0.0070359,0.99836,83.008
10.161,0.99591,0.014201,0.089186,-5.1056,-0.013671,0.99989,-0.0065532,-2.8958,-0.089269,0.0053072,0.99599,83.455
10.265,0.992,0.013894,0.12547,-5.0296,-0.013248,0.99989,-0.0059893,-2.9119,-0.12554,0.0042793,0.99208,83.885
10.369,0.98599,0.013897,0.16623,-4.9346,-0.013027,0.9999,-0.0063261,-2.9262,-0.1663,0.0040721,0.98607,84.313
10.473,0.97751,0.013468,0.21044,-4.8173,-0.012362,0.9999,-0.0065682,-2.9424,-0.21051,0.003819,0.97759,84.729
10.577,0.96608,0.015363,0.2578,-4.6809,-0.013648,0.99987,-0.0084406,-2.9619,-0.2579,0.0046356,0.96616,85.118
10.681,0.95074,0.016076,0.30957,-4.5192,-0.013199,0.99985,-0.011385,-2.9805,-0.30971,0.0067385,0.95081,85.502
10.785,0.93138,0.015993,0.36369,-4.3363,-0.011894,0.99984,-0.013507,-2.9952,-0.36385,0.0082541,0.93142,85.854
10.889,0.90763,0.016427,0.41945,-4.1301,-0.010944,0.99982,-0.015473,-3.0068,-0.41963,0.0094532,0.90765,86.2
10.993,0.87942,0.016526,0.47576,-3.9039,-0.0091959,0.9998,-0.017731,-3.0184,-0.47596,0.011218,0.8794,86.526
11.097,0.847,0.014635,0.53139,-3.6564,-0.0049229,0.99979,-0.019688,-3.0309,-0.53157,0.01406,0.8469,86.812
11.201,0.81115,0.014002,0.58467,-3.3931,-0.0025149,0.99979,-0.020455,-3.0481,-0.58483,0.015122,0.81102,87.096
11.304,0.77229,0.012139,0.63515,-3.1154,-7.6656e-05,0.99982,-0.019015,-3.0634,-0.63527,0.014636,0.77216,87.345
11.408,0.73068,0.011391,0.68262,-2.8178,-0.00022767,0.99986,-0.016441,-3.0746,-0.68272,0.011858,0.73059,87.594
11.512,0.68691,0.010024,0.72668,-2.5081,0.0016422,0.99988,-0.015345,-3.0845,-0.72674,0.011734,0.68681,87.82
11.616,0.64156,0.0086059,0.76702,-2.1826,0.0058016,0.99985,-0.016071,-3.0931,-0.76705,0.01476,0.64142,88.008
11.719,0.5961,0.0054166,0.80289,-1.8476,0.012994,0.99978,-0.016393,-3.1035,-0.8028,0.020205,0.5959,88.188
11.823,0.55064,0.0068318,0.83471,-1.5111,0.012677,0.99978,-0.016546,-3.1166,-0.83464,0.019692,0.55044,88.343
11.926,0.5045,0.0097507,0.86336,-1.1656,0.008935,0.99982,-0.016513,-3.1274,-0.86337,0.016045,0.50432,88.502
12.03,0.4603,0.011482,0.88769,-0.81107,0.0087046,0.99981,-0.017445,-3.138,-0.88772,0.015757,0.46011,88.642
12.134,0.41887,0.0096272,0.908,-0.45002,0.015619,0.99972,-0.017805,-3.1463,-0.90791,0.02164,0.4186,88.748
12.237,0.38063,0.0013788,0.92473,-0.072684,0.031738,0.99939,-0.014554,-3.1505,-0.92418,0.034889,0.38035,88.84
12.341,0.34611,-0.0023371,0.93819,0.30209,0.037645,0.99923,-0.011399,-3.1566,-0.93744,0.039263,0.34593,88.93
12.444,0.31384,0.0010024,0.94948,0.67634,0.036117,0.99926,-0.012993,-3.1668,-0.94879,0.038369,0.31357,89.023
12.548,0.28331,0.0087524,0.95899,1.0509,0.024923,0.99955,-0.016485,-3.1852,-0.9587,0.028571,0.28297,89.125
12.651,0.25511,0.013271,0.96682,1.4346,0.019462,0.99963,-0.018857,-3.206,-0.96672,0.023626,0.25476,89.211
12.755,0.22988,0.015143,0.9731,1.8329,0.020807,0.99957,-0.02047,-3.2221,-0.973,0.024953,0.22946,89.277
12.858,0.20674,0.015807,0.97827,2.2407,0.02747,0.99938,-0.021954,-3.2342,-0.97801,0.031412,0.20617,89.329
12.962,0.18701,0.021748,0.98212,2.6627,0.036317,0.99892,-0.029036,-3.2322,-0.98169,0.041098,0.18602,89.372
13.065,0.16771,0.02973,0.98539,3.0898,0.038919,0.99857,-0.036751,-3.2331,-0.98507,0.044514,0.16631,89.419
13.169,0.15012,0.031056,0.98818,3.5368,0.036624,0.99865,-0.036949,-3.247,-0.98799,0.041738,0.14878,89.472
13.272,0.13466,0.026124,0.99055,4.0021,0.034094,0.99894,-0.030981,-3.2697,-0.9903,0.037944,0.13363,89.521
13.376,0.12003,0.022441,0.99252,4.4758,0.034385,0.99905,-0.026747,-3.2921,-0.99217,0.037338,0.11915,89.556
13.479,0.10665,0.020157,0.99409,4.9625,0.036893,0.99903,-0.024215,-3.3117,-0.99361,0.039257,0.1058,89.583
13.583,0.094817,0.019103,0.99531,5.46,0.04091,0.9989,-0.023069,-3.3276,-0.99465,0.042905,0.09393,89.603
13.687,0.084514,0.019708,0.99623,5.9746,0.044338,0.99874,-0.023519,-3.3447,-0.99544,0.046158,0.083534,89.621
13.79,0.076111,0.020332,0.99689,6.5046,0.046625,0.99863,-0.023927,-3.3627,-0.99601,0.048301,0.075059,89.638
13.894,0.070112,0.020552,0.99733,7.0504,0.048459,0.99854,-0.023983,-3.3798,-0.99636,0.050011,0.069014,89.655
13.998,0.064336,0.021699,0.99769,7.6141,0.049998,0.99844,-0.024939,-3.395,-0.99667,0.051487,0.063151,89.672
14.101,0.058052,0.022667,0.99806,8.198,0.050457,0.9984,-0.02561,-3.4093,-0.99704,0.051846,0.056816,89.688
14.205,0.053407,0.022635,0.99832,8.8009,0.052927,0.99827,-0.025466,-3.4262,-0.99717,0.054198,0.052117,89.702
14.309,0.049962,0.022439,0.9985,9.4202,0.054657,0.99819,-0.025167,-3.4423,-0.99725,0.055832,0.048645,89.708
14.412,0.046494,0.02206,0.99867,10.06,0.055768,0.99814,-0.024645,-3.4603,-0.99736,0.05684,0.045177,89.717
14.516,0.043306,0.021447,0.99883,10.715,0.057314,0.99807,-0.023915,-3.4776,-0.99742,0.058283,0.041993,89.72
14.62,0.042073,0.021086,0.99889,11.388,0.061978,0.9978,-0.023673,-3.4952,-0.99719,0.062905,0.040673,89.721
14.723,0.042272,0.02072,0.99889,12.075,0.065957,0.99755,-0.023483,-3.5116,-0.99693,0.066877,0.040801,89.72
14.827,0.044103,0.020549,0.99882,12.782,0.067802,0.99742,-0.023514,-3.5298,-0.99672,0.068759,0.042596,89.727
14.93,0.047333,0.020777,0.99866,13.505,0.070207,0.99724,-0.024075,-3.5495,-0.99641,0.071253,0.045744,89.739
15.034,0.051073,0.020624,0.99848,14.244,0.070972,0.99718,-0.024228,-3.57,-0.99617,0.072101,0.049465,89.752
15.138,0.054851,0.018737,0.99832,15.003,0.072378,0.99712,-0.022691,-3.5953,-0.99587,0.0735,0.053337,89.776
15.241,0.058702,0.017227,0.99813,15.774,0.07229,0.99715,-0.021461,-3.6214,-0.99565,0.073414,0.05729,89.805
15.345,0.06264,0.015064,0.99792,16.561,0.069518,0.99739,-0.01942,-3.6458,-0.99561,0.07059,0.061429,89.843
15.449,0.066598,0.013964,0.99768,17.355,0.06848,0.99748,-0.018532,-3.6697,-0.99543,0.069555,0.065474,89.884
15.553,0.070571,0.014792,0.9974,18.157,0.065957,0.99763,-0.019462,-3.6965,-0.99532,0.067159,0.069428,89.929
15.656,0.073906,0.018162,0.9971,18.96,0.063878,0.99769,-0.022907,-3.727,-0.99522,0.065385,0.072576,89.979
15.76,0.075136,0.024428,0.99687,19.768,0.058278,0.99788,-0.028845,-3.7586,-0.99547,0.060263,0.073553,90.033
15.864,0.074748,0.027491,0.99682,20.582,0.055669,0.99795,-0.031697,-3.7894,-0.99565,0.057861,0.073064,90.083
15.967,0.074766,0.027576,0.99682,21.399,0.053242,0.99808,-0.031604,-3.8282,-0.99578,0.055436,0.073154,90.132
16.071,0.07452,0.024949,0.99691,22.217,0.050432,0.99831,-0.028754,-3.8696,-0.99594,0.052418,0.073136,90.183
16.175,0.074372,0.024339,0.99693,23.034,0.051321,0.99828,-0.0282,-3.9088,-0.99591,0.053261,0.072995,90.228
16.278,0.074476,0.023228,0.99695,23.851,0.049032,0.99843,-0.026925,-3.9487,-0.99602,0.050888,0.073221,90.274
16.382,0.074102,0.02327,0.99698,24.667,0.047341,0.99852,-0.026825,-3.9919,-0.99613,0.049186,0.072891,90.317
16.486,0.074124,0.024123,0.99696,25.478,0.044811,0.99862,-0.027495,-4.0316,-0.99624,0.046713,0.07294,90.365
16.589,0.072736,0.025389,0.99703,26.289,0.041827,0.99872,-0.028483,-4.0707,-0.99647,0.043774,0.071581,90.412
16.693,0.069921,0.025481,0.99723,27.1,0.038978,0.99884,-0.028256,-4.11,-0.99679,0.040846,0.068847,90.458
16.797,0.065915,0.024176,0.99753,27.91,0.036375,0.99898,-0.026615,-4.1493,-0.99716,0.03804,0.064968,90.499
16.9,0.060898,0.021677,0.99791,28.722,0.03431,0.99913,-0.023798,-4.1894,-0.99755,0.035688,0.060101,90.537
17.004,0.054546,0.019312,0.99832,29.533,0.032236,0.99926,-0.021091,-4.2277,-0.99799,0.033333,0.053883,90.568
17.108,0.047001,0.019303,0.99871,30.34,0.031722,0.99928,-0.020807,-4.2644,-0.99839,0.032659,0.046354,90.589
17.212,0.038162,0.020339,0.99906,31.142,0.031208,0.99928,-0.021535,-4.299,-0.99878,0.032001,0.0375,90.603
17.315,0.028068,0.021122,0.99938,31.943,0.031803,0.99925,-0.022012,-4.3325,-0.9991,0.032401,0.027376,90.604
17.419,0.017812,0.020236,0.99964,32.741,0.032965,0.99924,-0.020815,-4.3668,-0.9993,0.033324,0.017131,90.598
17.523,0.0069681,0.018744,0.9998,33.533,0.031979,0.99931,-0.018958,-4.4009,-0.99946,0.032105,0.0063638,90.587
17.626,-0.0042138,0.018066,0.99983,34.324,0.033378,0.99928,-0.017916,-4.4305,-0.99943,0.033296,-0.0048137,90.562
17.73,-0.015362,0.018085,0.99972,35.11,0.033792,0.99927,-0.017558,-4.4602,-0.99931,0.033513,-0.015962,90.53
17.834,-0.026481,0.018725,0.99947,35.889,0.034003,0.99926,-0.01782,-4.4905,-0.99907,0.033513,-0.027098,90.49
17.937,-0.037256,0.019855,0.99911,36.664,0.033746,0.99926,-0.0186,-4.5198,-0.99874,0.033023,-0.037898,90.443
18.041,-0.047589,0.02089,0.99865,37.431,0.03458,0.99922,-0.019254,-4.5483,-0.99827,0.033617,-0.048274,90.387
18.145,-0.057184,0.021649,0.99813,38.19,0.035487,0.99918,-0.019639,-4.5771,-0.99773,0.034297,-0.057905,90.324
18.249,-0.066832,0.022087,0.99752,38.94,0.036179,0.99915,-0.019699,-4.6071,-0.99711,0.034773,-0.067574,90.252
18.352,-0.076378,0.022199,0.99683,39.684,0.036794,0.99913,-0.019431,-4.6352,-0.9964,0.035194,-0.077128,90.176
18.456,-0.085022,0.021978,0.99614,40.419,0.03826,0.99909,-0.018778,-4.664,-0.99564,0.036516,-0.085785,90.092
18.56,-0.092423,0.020689,0.9955,41.146,0.039883,0.99906,-0.01706,-4.6922,-0.99492,0.038127,-0.093162,90.003
18.663,-0.097785,0.019245,0.99502,41.863,0.042728,0.99897,-0.015123,-4.7218,-0.99429,0.041036,-0.098506,89.91
18.767,-0.10172,0.01749,0.99466,42.575,0.045797,0.99887,-0.012881,-4.7466,-0.99376,0.044242,-0.10241,89.816
18.87,-0.10459,0.016264,0.99438,43.275,0.047545,0.9988,-0.011335,-4.77,-0.99338,0.046092,-0.10524,89.724
18.974,-0.10642,0.015544,0.9942,43.959,0.048032,0.99879,-0.010475,-4.7931,-0.99316,0.046639,-0.10704,89.634
19.078,-0.10742,0.015662,0.99409,44.631,0.048459,0.99877,-0.0105,-4.8153,-0.99303,0.047045,-0.10804,89.546
19.181,-0.10666,0.016858,0.99415,45.285,0.049495,0.99871,-0.011625,-4.8371,-0.99306,0.047965,-0.10735,89.46
19.285,-0.10394,0.018111,0.99442,45.923,0.050641,0.99863,-0.012895,-4.8587,-0.99329,0.049018,-0.10472,89.379
19.389,-0.099004,0.018887,0.99491,46.543,0.050678,0.99862,-0.013915,-4.8806,-0.9938,0.049042,-0.099825,89.306
19.492,-0.091581,0.019376,0.99561,47.144,0.049961,0.99864,-0.01484,-4.9029,-0.99454,0.048383,-0.092425,89.245
19.596,-0.080677,0.019594,0.99655,47.726,0.048913,0.99868,-0.015676,-4.9263,-0.99554,0.04748,-0.081529,89.193
19.699,-0.067192,0.019676,0.99755,48.289,0.048411,0.99869,-0.016438,-4.95,-0.99656,0.047187,-0.068057,89.153
19.803,-0.050721,0.02086,0.9985,48.831,0.047142,0.99872,-0.01847,-4.9731,-0.9976,0.046134,-0.051639,89.127
19.907,-0.030014,0.023494,0.99927,49.366,0.045659,0.99871,-0.02211,-5.0014,-0.99851,0.044963,-0.031049,89.121
20.01,-0.0060127,0.026525,0.99963,49.894,0.043593,0.9987,-0.026238,-5.03,-0.99903,0.043419,-0.0071612,89.13
20.113,0.021612,0.028246,0.99937,50.417,0.041459,0.99872,-0.029124,-5.0565,-0.99891,0.042062,0.020413,89.148
20.217,0.054267,0.027975,0.99813,50.939,0.039438,0.99877,-0.030137,-5.0837,-0.99775,0.041,0.053097,89.192
20.321,0.091634,0.025566,0.99546,51.457,0.038037,0.99885,-0.029154,-5.1111,-0.99507,0.040536,0.090556,89.256
20.424,0.13283,0.022086,0.99089,51.964,0.035788,0.99899,-0.027064,-5.14,-0.99049,0.039057,0.1319,89.336
20.527,0.17707,0.017423,0.98404,52.464,0.032639,0.99919,-0.023564,-5.1683,-0.98366,0.036291,0.17636,89.451
20.631,0.22454,0.014126,0.97436,52.96,0.028031,0.99939,-0.020949,-5.1979,-0.97406,0.032017,0.224,89.593
20.734,0.27479,0.012618,0.96142,53.431,0.023728,0.99952,-0.0199,-5.2284,-0.96121,0.028281,0.27436,89.75
20.838,0.32852,0.012391,0.94442,53.889,0.021797,0.99955,-0.020696,-5.2541,-0.94425,0.027385,0.3281,89.945
20.942,0.38558,0.01285,0.92258,54.332,0.023423,0.99944,-0.02371,-5.281,-0.92238,0.030752,0.38507,90.164
21.045,0.4444,0.015835,0.89569,54.739,0.023267,0.9993,-0.02921,-5.3078,-0.89553,0.033821,0.44372,90.389
21.148,0.50317,0.019242,0.86397,55.133,0.02369,0.99907,-0.036047,-5.3369,-0.86386,0.038605,0.50225,90.661
21.252,0.56055,0.023524,0.82779,55.491,0.018828,0.99898,-0.041139,-5.3621,-0.82791,0.038646,0.55953,90.942
21.355,0.61564,0.026827,0.78757,55.836,0.013771,0.9989,-0.04479,-5.3897,-0.78791,0.03842,0.61459,91.271
21.459,0.66812,0.027878,0.74353,56.158,0.011096,0.99881,-0.04742,-5.4182,-0.74397,0.039933,0.66702,91.62
21.563,0.71703,0.026263,0.69655,56.449,0.0096226,0.99882,-0.047565,-5.4481,-0.69698,0.040808,0.71593,91.966
21.666,0.76222,0.022648,0.64692,56.722,0.0069034,0.99905,-0.04311,-5.4791,-0.64728,0.037325,0.76133,92.356
21.77,0.80387,0.017987,0.59453,56.968,0.0046623,0.99932,-0.036537,-5.5105,-0.59478,0.032143,0.80324,92.765
21.874,0.84086,0.015294,0.54104,57.175,0.0017,0.99952,-0.030896,-5.5395,-0.54126,0.026899,0.84043,93.171
21.978,0.87255,0.012219,0.48838,57.37,-0.00045113,0.99971,-0.024206,-5.5644,-0.48853,0.0209,0.8723,93.611
22.081,0.89864,0.012484,0.43852,57.54,-0.0047574,0.99981,-0.018714,-5.591,-0.43867,0.014731,0.89853,94.061
22.185,0.91965,0.014035,0.39249,57.684,-0.0086299,0.99984,-0.015534,-5.6127,-0.39264,0.010899,0.91963,94.508
22.289,0.93544,0.020093,0.35292,57.812,-0.016772,0.99978,-0.012465,-5.628,-0.35309,0.005741,0.93557,94.982
22.393,0.94785,0.024675,0.31777,57.927,-0.021416,0.99968,-0.013744,-5.6385,-0.31801,0.0062221,0.94807,95.447
22.497,0.95757,0.027032,0.28693,58.042,-0.023981,0.99961,-0.014143,-5.6485,-0.28721,0.0066622,0.95785,95.925
22.601,0.96418,0.0213,0.26439,58.162,-0.01821,0.99973,-0.014133,-5.662,-0.26463,0.0088126,0.96431,96.402
22.706,0.96847,0.018242,0.24847,58.277,-0.015425,0.99979,-0.013281,-5.6801,-0.24866,0.0090297,0.96855,96.884
22.81,0.97151,0.022278,0.23595,58.383,-0.019625,0.99972,-0.013587,-5.6926,-0.23619,0.0085693,0.97167,97.38
22.914,0.97366,0.027748,0.22629,58.487,-0.025423,0.99959,-0.013183,-5.6987,-0.22657,0.0070826,0.97397,97.888
23.018,0.97478,0.034874,0.22041,58.589,-0.032491,0.99937,-0.014432,-5.7129,-0.22078,0.0069069,0.9753,98.403
23.122,0.9752,0.041302,0.21745,58.697,-0.038241,0.9991,-0.018266,-5.7323,-0.21801,0.0094974,0.9759,98.928
23.226,0.97531,0.042909,0.21665,58.814,-0.039461,0.99902,-0.02022,-5.7561,-0.2173,0.011172,0.97604,99.461
23.33,0.97485,0.042069,0.21887,58.94,-0.037901,0.99901,-0.023207,-5.7785,-0.21963,0.014328,0.97548,100
23.434,0.97404,0.040251,0.22276,59.075,-0.034355,0.99895,-0.030283,-5.7979,-0.22374,0.021845,0.9744,100.55
23.538,0.97313,0.040146,0.22671,59.21,-0.032941,0.99883,-0.035479,-5.8186,-0.22787,0.027058,0.97332,101.11
23.641,0.97189,0.044938,0.23112,59.343,-0.037932,0.99868,-0.034669,-5.8448,-0.23237,0.024928,0.97231,101.69
23.745,0.97035,0.048448,0.23682,59.48,-0.042307,0.99863,-0.030948,-5.8727,-0.23799,0.020011,0.97106,102.29
23.849,0.96928,0.04541,0.24174,59.635,-0.040191,0.99884,-0.026481,-5.901,-0.24266,0.015951,0.96998,102.89
23.953,0.96851,0.040857,0.24561,59.799,-0.036909,0.99911,-0.020656,-5.9281,-0.24623,0.01094,0.96915,103.5
24.056,0.96771,0.03817,0.24918,59.965,-0.035307,0.99925,-0.015951,-5.9536,-0.2496,0.0066384,0.96833,104.12
24.16,0.96708,0.033746,0.25224,60.134,-0.030962,0.99941,-0.014998,-5.9752,-0.25259,0.0066943,0.96755,104.75
24.264,0.96708,0.030121,0.2527,60.309,-0.026522,0.99949,-0.017637,-5.9982,-0.2531,0.010355,0.96739,105.39
24.367,0.96724,0.029358,0.25217,60.481,-0.024134,0.99943,-0.023782,-6.0231,-0.25272,0.016916,0.96739,106.04
24.471,0.96743,0.03109,0.25124,60.65,-0.023897,0.99921,-0.031631,-6.049,-0.25202,0.024597,0.96741,106.69
24.575,0.96792,0.034858,0.24884,60.819,-0.026666,0.99899,-0.036215,-6.0756,-0.24985,0.028418,0.96787,107.36
24.678,0.96856,0.033393,0.24651,60.995,-0.026335,0.99914,-0.031874,-6.1032,-0.24736,0.02438,0.96862,108.05
24.782,0.96907,0.028779,0.24509,61.177,-0.023489,0.99942,-0.024478,-6.1354,-0.24565,0.017964,0.96919,108.76
24.885,0.96965,0.029112,0.24276,61.355,-0.025618,0.99952,-0.017539,-6.1688,-0.24315,0.010787,0.96993,109.48
24.989,0.97,0.032377,0.24092,61.528,-0.028834,0.99942,-0.018216,-6.198,-0.24137,0.010722,0.97037,110.2
25.093,0.97026,0.038454,0.23898,61.696,-0.033976,0.99916,-0.022831,-6.2253,-0.23966,0.014033,0.97076,110.93
25.196,0.97117,0.039454,0.2351,61.874,-0.033759,0.99903,-0.028202,-6.2523,-0.23598,0.019453,0.97156,111.67
25.3,0.9722,0.038671,0.23095,62.053,-0.03232,0.99899,-0.031224,-6.282,-0.23193,0.022892,0.97246,112.42
25.404,0.97314,0.036729,0.22726,62.234,-0.030789,0.99909,-0.029629,-6.3152,-0.22814,0.021836,0.97338,113.19
25.507,0.9741,0.032355,0.22378,62.418,-0.026732,0.99925,-0.028112,-6.3514,-0.22452,0.021402,0.97423,113.96
25.611,0.97455,0.030824,0.22205,62.6,-0.025884,0.99935,-0.025127,-6.3874,-0.22268,0.01874,0.97471,114.76
25.715,0.97498,0.027768,0.22057,62.785,-0.02339,0.99947,-0.022434,-6.4193,-0.22108,0.016714,0.97511,115.56
25.818,0.97525,0.022477,0.21996,62.974,-0.018266,0.99961,-0.02116,-6.4505,-0.22035,0.016619,0.97528,116.37
25.922,0.97538,0.023056,0.21934,63.157,-0.019202,0.99962,-0.019688,-6.4839,-0.21971,0.014991,0.97545,117.19
26.026,0.97513,0.027945,0.21986,63.335,-0.023754,0.99948,-0.021683,-6.5176,-0.22036,0.015921,0.97529,118.01
26.129,0.97482,0.034073,0.22039,63.512,-0.029302,0.99926,-0.024883,-6.551,-0.22107,0.017799,0.9751,118.84
26.233,0.97436,0.041802,0.22106,63.691,-0.036863,0.99897,-0.026422,-6.5833,-0.22193,0.017596,0.9749,119.67
26.337,0.97342,0.048846,0.22377,63.87,-0.044203,0.99869,-0.025712,-6.6197,-0.22473,0.015137,0.9743,120.5
26.44,0.9725,0.051728,0.22709,64.057,-0.047721,0.99859,-0.023104,-6.6581,-0.22796,0.011632,0.9736,121.34
26.544,0.97191,0.052187,0.22951,64.253,-0.048025,0.99857,-0.023687,-6.6953,-0.23042,0.012,0.97302,122.18
26.648,0.97148,0.052012,0.23136,64.45,-0.047017,0.99853,-0.027056,-6.7282,-0.23243,0.015406,0.97249,123.02
26.751,0.97161,0.044662,0.23233,64.656,-0.039702,0.99887,-0.025986,-6.7529,-0.23323,0.016024,0.97229,123.88
26.855,0.97182,0.038026,0.23263,64.865,-0.032799,0.99912,-0.026299,-6.7842,-0.23342,0.017928,0.97221,124.72
26.959,0.97152,0.036734,0.23411,65.066,-0.031448,0.99916,-0.026271,-6.8182,-0.23488,0.01816,0.97186,125.57
27.062,0.97112,0.040039,0.23521,65.262,-0.035231,0.99908,-0.02461,-6.8493,-0.23597,0.015613,0.97163,126.42
27.166,0.97079,0.041294,0.23633,65.459,-0.037824,0.9991,-0.019197,-6.8788,-0.23691,0.0096977,0.97148,127.27
27.269,0.97034,0.044682,0.23757,65.658,-0.042686,0.999,-0.013542,-6.913,-0.23794,0.0029995,0.97128,128.12
27.373,0.97011,0.044313,0.23857,65.865,-0.040891,0.99898,-0.019277,-6.955,-0.23918,0.0089459,0.97093,128.94
27.477,0.9703,0.041075,0.2384,66.081,-0.034125,0.99887,-0.033209,-7.0007,-0.23949,0.024087,0.9706,129.75
27.58,0.97064,0.037344,0.23762,66.298,-0.027783,0.99867,-0.043458,-7.0468,-0.23893,0.035581,0.97039,130.56
27.684,0.97087,0.035628,0.23694,66.511,-0.027371,0.9989,-0.038047,-7.0921,-0.23804,0.030453,0.97078,131.38
27.788,0.9712,0.02941,0.23646,66.723,-0.026497,0.99953,-0.015491,-7.1345,-0.2368,0.008779,0.97152,132.23
27.891,0.97147,0.025917,0.23573,66.932,-0.027471,0.99962,0.0033119,-7.1778,-0.23555,-0.0096932,0.97181,133.06
27.995,0.97157,0.028834,0.23498,67.135,-0.028834,0.99958,-0.0034358,-7.2035,-0.23498,-0.0034371,0.972,133.87
28.099,0.97169,0.036805,0.23336,67.334,-0.033206,0.99926,-0.019336,-7.2217,-0.2339,0.01104,0.9722,134.66
28.202,0.97198,0.037982,0.23198,67.539,-0.032206,0.99907,-0.028638,-7.2404,-0.23285,0.020364,0.9723,135.46
28.306,0.97259,0.033921,0.23004,67.748,-0.027846,0.99917,-0.029607,-7.2756,-0.23085,0.02239,0.97273,136.26
28.41,0.97321,0.033601,0.22746,67.94,-0.028401,0.99926,-0.026094,-7.3077,-0.22817,0.018935,0.97344,137.07
28.513,0.97402,0.033169,0.224,68.127,-0.02767,0.99923,-0.027646,-7.3296,-0.22475,0.02073,0.9742,137.87
28.617,0.97511,0.033736,0.21912,68.311,-0.027857,0.99917,-0.029868,-7.3474,-0.21994,0.023021,0.97524,138.67
28.722,0.97563,0.038398,0.21602,68.487,-0.033,0.99905,-0.02854,-7.376,-0.21691,0.020715,0.97597,139.48
28.824,0.97582,0.044885,0.21391,68.655,-0.039221,0.99876,-0.030653,-7.4007,-0.21502,0.021522,0.97637,140.27
28.928,0.97611,0.046653,0.21221,68.831,-0.041673,0.99874,-0.027885,-7.4314,-0.21324,0.018375,0.97683,141.07
29.032,0.97647,0.044611,0.21099,69.011,-0.040678,0.99891,-0.022948,-7.4613,-0.21178,0.013825,0.97722,141.87
29.135,0.97679,0.043439,0.20973,69.188,-0.039561,0.99896,-0.022655,-7.4922,-0.21049,0.013832,0.9775,142.66
29.239,0.97746,0.041564,0.20697,69.36,-0.036906,0.99897,-0.026314,-7.5223,-0.20785,0.018083,0.97799,143.45
29.343,0.97858,0.037157,0.20251,69.533,-0.031919,0.99907,-0.029075,-7.5485,-0.2034,0.021988,0.97885,144.23
29.446,0.98004,0.033974,0.19587,69.694,-0.028471,0.99912,-0.030839,-7.5798,-0.19675,0.024647,0.98014,145.03
29.55,0.98134,0.032903,0.18943,69.845,-0.028491,0.99926,-0.025965,-7.613,-0.19014,0.020084,0.98155,145.83
29.653,0.98252,0.030876,0.18357,69.993,-0.028246,0.99946,-0.016924,-7.646,-0.18399,0.011443,0.98286,146.63
29.757,0.98336,0.026464,0.17972,70.132,-0.025425,0.99964,-0.0080822,-7.6689,-0.17987,0.0033782,0.98368,147.44
29.861,0.98383,0.033638,0.17591,70.257,-0.033515,0.99943,-0.0036684,-7.6904,-0.17593,-0.0022865,0.9844,148.24
29.965,0.98452,0.036878,0.17137,70.38,-0.035859,0.99932,-0.0090412,-7.7121,-0.17159,0.0027561,0.98517,149.03
30.068,0.98575,0.037167,0.16403,70.508,-0.034487,0.99922,-0.019156,-7.7327,-0.16462,0.013226,0.98627,149.82
30.172,0.98695,0.034369,0.15731,70.634,-0.03068,0.9992,-0.025816,-7.7519,-0.15807,0.020653,0.98721,150.62
30.276,0.98802,0.032979,0.15073,70.753,-0.029563,0.99925,-0.024843,-7.779,-0.15144,0.020089,0.98826,151.42
30.379,0.98889,0.039918,0.14321,70.857,-0.037316,0.99909,-0.020811,-7.8124,-0.14391,0.015236,0.98947,152.24
30.483,0.98972,0.04587,0.13548,70.953,-0.043369,0.99883,-0.021352,-7.8414,-0.1363,0.015257,0.99055,153.05
30.587,0.99093,0.048494,0.12536,71.052,-0.045462,0.9986,-0.026935,-7.8684,-0.12649,0.020991,0.99175,153.85
30.69,0.99205,0.047084,0.11672,71.148,-0.04395,0.9986,-0.02928,-7.8912,-0.11793,0.023918,0.99273,154.66
30.794,0.99296,0.047082,0.10872,71.237,-0.044315,0.99863,-0.027726,-7.9169,-0.10988,0.022713,0.99369,155.48
30.898,0.99359,0.050287,0.10121,71.306,-0.048472,0.99862,-0.020315,-7.9399,-0.10209,0.015279,0.99466,156.31
31.001,0.99419,0.053481,0.093435,71.368,-0.052381,0.99853,-0.014196,-7.9663,-0.094056,0.0092189,0.99552,157.14
31.105,0.9949,0.05254,0.086062,71.431,-0.051854,0.9986,-0.010188,-7.9903,-0.086477,0.0056731,0.99624,157.96
31.209,0.99542,0.052498,0.079865,71.491,-0.051977,0.99861,-0.0085842,-8.0126,-0.080205,0.0043938,0.99677,158.78
31.312,0.9958,0.051841,0.075428,71.546,-0.051276,0.99864,-0.0094153,-8.0363,-0.075813,0.0055082,0.99711,159.6
31.416,0.9959,0.056449,0.070722,71.592,-0.055468,0.99834,-0.015765,-8.0627,-0.071494,0.011777,0.99737,160.42
31.52,0.99574,0.063368,0.067044,71.628,-0.062079,0.99785,-0.021139,-8.0852,-0.068239,0.016887,0.99753,161.24
31.623,0.99586,0.064377,0.064177,71.665,-0.062897,0.99771,-0.024818,-8.1054,-0.065628,0.020679,0.99763,162.05
31.727,0.99592,0.066125,0.061326,71.706,-0.065121,0.99771,-0.018243,-8.124,-0.062392,0.014175,0.99795,162.89
31.831,0.99588,0.068255,0.059655,71.74,-0.067857,0.99766,-0.008665,-8.1404,-0.060107,0.0045813,0.99818,163.73
31.934,0.996,0.069066,0.056691,71.775,-0.069162,0.99761,-0.00026162,-8.1582,-0.056573,-0.0036603,0.99839,164.56
32.038,0.99643,0.066766,0.051728,71.811,-0.066711,0.99777,-0.0027982,-8.1734,-0.0518,-0.00066266,0.99866,165.39
32.142,0.99735,0.05623,0.046152,71.856,-0.055775,0.99838,-0.011104,-8.1884,-0.046702,0.0085001,0.99887,166.2
32.245,0.99794,0.051106,0.03881,71.889,-0.050433,0.99856,-0.018126,-8.1971,-0.039681,0.016131,0.99908,167.02
32.349,0.99796,0.055175,0.031998,71.901,-0.054688,0.99838,-0.01589,-8.2097,-0.032823,0.014108,0.99936,167.85
32.453,0.99826,0.053419,0.024803,71.914,-0.053169,0.99853,-0.010638,-8.226,-0.025334,0.0093007,0.99964,168.68
32.556,0.99864,0.049128,0.017582,71.931,-0.049036,0.99878,-0.0056307,-8.2407,-0.017837,0.0047609,0.99983,169.52
32.66,0.9991,0.040787,0.01186,71.944,-0.040751,0.99916,-0.0032737,-8.2513,-0.011983,0.0027874,0.99992,170.36
32.764,0.99933,0.036249,0.0057905,71.95,-0.036238,0.99934,-0.0020691,-8.2659,-0.0058617,0.0018579,0.99998,171.2
32.867,0.99946,0.032832,-0.00057808,71.947,-0.032836,0.99943,-0.0077167,-8.2819,0.00032439,0.0077315,0.99997,172.04
32.971,0.99965,0.025286,-0.0080504,71.944,-0.025426,0.99952,-0.017807,-8.2959,0.0075963,0.018005,0.99981,172.87
33.075,0.9998,0.012952,-0.015304,71.946,-0.013336,0.99959,-0.025228,-8.315,0.014971,0.025427,0.99956,173.7
33.179,0.99964,0.016052,-0.021331,71.922,-0.016401,0.99973,-0.016286,-8.3328,0.021064,0.01663,0.99964,174.55
33.282,0.99931,0.02637,-0.026107,71.881,-0.026457,0.99965,-0.002977,-8.3502,0.026019,0.0036657,0.99965,175.41
33.386,0.999,0.03252,-0.030642,71.838,-0.032361,0.99946,0.005674,-8.3692,0.03081,-0.0046767,0.99951,176.27
33.49,0.99889,0.032112,-0.034567,71.8,-0.03201,0.99948,0.0034967,-8.3809,0.034661,-0.0023863,0.9994,177.11
33.594,0.99878,0.032984,-0.036738,71.759,-0.03326,0.99942,-0.0069058,-8.3925,0.036489,0.0081192,0.9993,177.95
33.697,0.99826,0.043604,-0.039757,71.705,-0.044296,0.99888,-0.016684,-8.4087,0.038985,0.018416,0.99907,178.79
33.801,0.99816,0.04383,-0.041809,71.66,-0.044708,0.99879,-0.020319,-8.4277,0.040868,0.022151,0.99892,179.63
33.905,0.99832,0.0371,-0.044529,71.629,-0.037854,0.99915,-0.016227,-8.4513,0.043889,0.017886,0.99888,180.49
34.008,0.9983,0.037707,-0.044481,71.587,-0.038057,0.99925,-0.0070344,-8.4719,0.044183,0.0087153,0.99899,181.35
34.112,0.99824,0.039813,-0.043846,71.538,-0.039873,0.9992,-0.00050539,-8.4952,0.043791,0.0022528,0.99904,182.21
34.216,0.99822,0.03837,-0.04572,71.496,-0.038518,0.99926,-0.0023705,-8.519,0.045595,0.0041274,0.99895,183.07
34.32,0.99815,0.037135,-0.048043,71.452,-0.037663,0.99924,-0.01013,-8.5432,0.047631,0.011921,0.99879,183.92
34.423,0.99836,0.026907,-0.050597,71.42,-0.028034,0.99937,-0.02171,-8.5678,0.049981,0.023093,0.99848,184.76
34.527,0.99847,0.015477,-0.053029,71.39,-0.0169,0.99951,-0.026493,-8.5961,0.052593,0.027349,0.99824,185.61
34.631,0.99839,0.017208,-0.054068,71.341,-0.018422,0.99959,-0.022023,-8.6255,0.053667,0.022984,0.99829,186.47
34.734,0.99822,0.022925,-0.055032,71.284,-0.023624,0.99965,-0.012093,-8.6592,0.054736,0.013372,0.99841,187.33
34.838,0.99808,0.025297,-0.05656,71.229,-0.025718,0.99965,-0.0067357,-8.6881,0.05637,0.0081774,0.99838,188.18
34.942,0.99807,0.022934,-0.057681,71.183,-0.023582,0.99967,-0.010574,-8.7129,0.057419,0.011913,0.99828,189.02
35.045,0.99805,0.023273,-0.057864,71.137,-0.024303,0.99956,-0.01716,-8.7365,0.057439,0.018533,0.99818,189.86
35.149,0.99786,0.03003,-0.058104,71.076,-0.031152,0.99934,-0.018502,-8.7614,0.05751,0.020272,0.99814,190.69
35.253,0.99774,0.03329,-0.05838,71.02,-0.034174,0.99931,-0.0142,-8.7886,0.057867,0.016163,0.99819,191.54
35.356,0.99757,0.036935,-0.05912,70.964,-0.037661,0.99923,-0.011221,-8.8167,0.05866,0.01342,0.99819,192.37
35.46,0.99743,0.040096,-0.059331,70.908,-0.040663,0.99914,-0.0083893,-8.8389,0.058944,0.01078,0.9982,193.21
35.564,0.99723,0.044114,-0.05983,70.847,-0.044697,0.99896,-0.0084463,-8.8614,0.059395,0.011097,0.99817,194.04
35.667,0.99728,0.042183,-0.060521,70.791,-0.042912,0.99902,-0.010794,-8.8849,0.060007,0.013362,0.99811,194.86
35.771,0.99712,0.044092,-0.061701,70.732,-0.045213,0.99883,-0.016893,-8.9061,0.060884,0.019634,0.99795,195.68
35.875,0.99699,0.045143,-0.062991,70.671,-0.04633,0.99877,-0.017522,-8.9237,0.062123,0.020387,0.99786,196.49
35.978,0.99718,0.045114,-0.060007,70.629,-0.046286,0.99876,-0.018279,-8.9389,0.059108,0.021005,0.99803,197.2
36.082,0.99735,0.04509,-0.057017,70.587,-0.046241,0.99875,-0.019037,-8.954,0.056087,0.021623,0.99819,197.9
36.186,0.99752,0.045069,-0.054029,70.546,-0.046196,0.99874,-0.019795,-8.9692,0.053069,0.022241,0.99834,198.61
36.289,0.99768,0.045052,-0.05104,70.504,-0.04615,0.99872,-0.020552,-8.9843,0.050049,0.02286,0.99849,199.32
36.393,0.99783,0.045039,-0.04805,70.462,-0.046104,0.99871,-0.021309,-8.9994,0.047029,0.023478,0.99862,200.02
36.497,0.99797,0.045029,-0.045062,70.42,-0.046058,0.99869,-0.022065,-9.0146,0.04401,0.024096,0.99874,200.73
36.6,0.9981,0.045024,-0.042075,70.379,-0.046012,0.99868,-0.022821,-9.0297,0.040992,0.024713,0.99885,201.43
36.704,0.99822,0.045022,-0.039079,70.337,-0.045965,0.99866,-0.023578,-9.0448,0.037966,0.025332,0.99896,202.14
36.808,0.99833,0.045024,-0.03609,70.295,-0.045917,0.99865,-0.024333,-9.06,0.034946,0.02595,0.99905,202.85
36.912,0.99844,0.045029,-0.033097,70.253,-0.04587,0.99863,-0.025089,-9.0751,0.031922,0.026568,0.99914,203.55
37.015,0.99853,0.045039,-0.030105,70.211,-0.045822,0.99862,-0.025844,-9.0902,0.0289,0.027185,0.99921,204.26
37.119,0.99862,0.045052,-0.027117,70.17,-0.045774,0.9986,-0.026598,-9.1054,0.02588,0.027802,0.99928,204.97
37.223,0.99869,0.045069,-0.024123,70.128,-0.045725,0.99858,-0.027353,-9.1205,0.022856,0.02842,0.99933,205.67
37.326,0.99876,0.04509,-0.021133,70.086,-0.045676,0.99856,-0.028106,-9.1356,0.019835,0.029037,0.99938,206.38
37.43,0.99882,0.045115,-0.01814,70.044,-0.045627,0.99854,-0.02886,-9.1507,0.016811,0.029654,0.99942,207.09
37.534,0.99886,0.045172,-0.015652,69.999,-0.045622,0.99852,-0.029742,-9.1653,0.014286,0.030422,0.99943,207.8
37.637,0.99896,0.044861,-0.0080292,69.986,-0.045078,0.99856,-0.029176,-9.1857,0.0067087,0.029507,0.99954,208.45
37.741,0.99913,0.041541,-0.0019123,69.983,-0.041575,0.99885,-0.02381,-9.2081,0.00092105,0.023869,0.99971,209.09
37.845,0.9994,0.034301,0.004241,69.995,-0.034223,0.99927,-0.017192,-9.2358,-0.0048276,0.017036,0.99984,209.74
